contestId,contestName,handle,rank,ratingUpdateTimeSeconds,oldRating,newRating,delta
558,Codeforces Round 312 (Div. 2),Benq,2087,2015-07-14 17:10:00,0,1404,1404
560,Codeforces Round 313 (Div. 2),Benq,1583,2015-07-22 16:00:00,1404,1353,-51
569,Codeforces Round 315 (Div. 2),Benq,2003,2015-08-10 18:30:00,1353,1279,-74
570,Codeforces Round 316 (Div. 2),Benq,384,2015-08-13 18:30:00,1279,1503,224
572,Codeforces Round 317 [AimFund Thanks-Round] (Div. 2),Benq,1553,2015-08-22 18:30:00,1503,1433,-70
596,Codeforces Round 331 (Div. 2),Benq,607,2015-11-15 18:35:00,1433,1500,67
611,Good Bye 2015,Benq,2402,2015-12-30 18:05:00,1500,1494,-6
617,Codeforces Round 340 (Div. 2),Benq,444,2016-01-23 17:35:00,1494,1574,80
621,Codeforces Round 341 (Div. 2),Benq,238,2016-01-31 16:05:00,1574,1680,106
658,VK Cup 2016 - Round 1 (Div. 2 Edition),Benq,145,2016-03-28 18:35:00,1680,1741,61
659,Codeforces Round 346 (Div. 2),Benq,106,2016-03-30 18:35:00,1741,1833,92
682,Codeforces Round 358 (Div. 2),Benq,224,2016-06-17 18:35:00,1833,1855,22
686,Codeforces Round 359 (Div. 2),Benq,54,2016-06-23 18:35:00,1855,1942,87
687,Codeforces Round 360 (Div. 1),Benq,211,2016-06-29 19:05:00,1942,1997,55
704,Codeforces Round 366 (Div. 1),Benq,413,2016-08-07 16:05:00,1997,1951,-46
708,AIM Tech Round 3 (Div. 1),Benq,435,2016-08-24 18:35:00,1951,1922,-29
722,"Intel Code Challenge Elimination Round (Div. 1 + Div. 2, combined)",Benq,182,2016-10-01 16:05:00,1922,2030,108
724,"Intel Code Challenge Final Round (Div. 1 + Div. 2, Combined)",Benq,475,2016-10-08 15:15:00,2030,2020,-10
725,Canada Cup 2016,Benq,260,2016-10-22 17:35:00,2020,2067,47
736,Codeforces Round 382 (Div. 1),Benq,151,2016-11-27 18:35:00,2067,2117,50
750,Good Bye 2016,Benq,226,2016-12-30 16:45:00,2117,2180,63
755,8VC Venture Cup 2017 - Elimination Round,Benq,140,2017-01-15 19:05:00,2180,2251,71
790,"Codeforces Round 405 (rated, Div. 1, based on VK Cup 2017 Round 1)",Benq,112,2017-03-18 17:35:00,2251,2264,13
800,"Codeforces Round 409 (rated, Div. 1, based on VK Cup 2017 Round 2)",Benq,17,2017-04-16 17:35:00,2264,2419,155
806,"Codeforces Round 412 (rated, Div. 1, based on VK Cup 2017 Round 3)",Benq,65,2017-05-07 18:45:00,2419,2445,26
809,Codeforces Round 415 (Div. 1),Benq,61,2017-05-20 20:05:00,2445,2460,15
827,"Codeforces Round 423 (Div. 1, rated, based on VK Cup Finals)",Benq,155,2017-07-11 18:45:00,2460,2399,-61
830,"Codeforces Round 424 (Div. 1, rated, based on VK Cup Finals)",Benq,51,2017-07-13 17:05:00,2399,2448,49
833,Codeforces Round 426 (Div. 1),Benq,46,2017-07-30 16:35:00,2448,2492,44
840,Codeforces Round 429 (Div. 1),Benq,44,2017-08-18 17:05:00,2492,2530,38
843,AIM Tech Round 4 (Div. 1),Benq,15,2017-08-24 19:05:00,2530,2649,119
848,Codeforces Round 431 (Div. 1),Benq,101,2017-09-01 15:35:00,2649,2589,-60
850,"Codeforces Round 432 (Div. 1, based on IndiaHacks Final Round 2017)",Benq,162,2017-09-04 17:05:00,2589,2484,-105
853,"Codeforces Round 433 (Div. 1, based on Olympiad of Metropolises)",Benq,42,2017-09-06 14:55:00,2484,2519,35
859,MemSQL Start[c]UP 3.0 - Round 1,Benq,16,2017-09-16 20:05:00,2519,2635,116
855,"Manthan, Codefest 17",Benq,264,2017-09-24 17:05:00,2635,2508,-127
866,MemSQL Start[c]UP 3.0 - Round 2 and Codeforces Round 437 (Div. 1),Benq,9,2017-09-30 20:05:00,2508,2656,148
906,"Codeforces Round 454 (Div. 1, based on Technocup 2018 Elimination Round 4)",Benq,15,2017-12-23 16:05:00,2656,2722,66
908,Good Bye 2017,Benq,89,2017-12-29 18:10:00,2722,2683,-39
914,"Codecraft-18 and Codeforces Round 458 (Div. 1 + Div. 2, combined)",Benq,82,2018-01-20 18:35:00,2683,2643,-40
936,Codeforces Round 467 (Div. 1),Benq,24,2018-02-25 18:05:00,2643,2680,37
930,"Codeforces Round 468 (Div. 1, based on Technocup 2018 Final Round)",Benq,4,2018-03-04 17:35:00,2680,2825,145
947,"Codeforces Round 470 (rated, Div. 1, based on VK Cup 2018 Round 1)",Benq,61,2018-03-10 17:35:00,2825,2759,-66
956,"Codeforces Round 472 (rated, Div. 1, based on VK Cup 2018 Round 2)",Benq,44,2018-03-24 17:50:00,2759,2712,-47
960,"Divide by Zero 2018 and Codeforces Round 474 (Div. 1 + Div. 2, combined)",Benq,2,2018-04-07 18:35:00,2712,2893,181
963,Tinkoff Internship Warmup Round 2018 and Codeforces Round 475 (Div. 1),Benq,18,2018-04-17 16:05:00,2893,2875,-18
966,"Codeforces Round 477 (rated, Div. 1, based on VK Cup 2018 Round 3)",Benq,65,2018-04-29 15:45:00,2875,2779,-96
997,Codeforces Round 493 (Div. 1),Benq,26,2018-07-01 16:05:00,2779,2789,10
1007,Codeforces Round 497 (Div. 1),Benq,11,2018-07-13 16:45:00,2789,2846,57
1010,Codeforces Round 499 (Div. 1),Benq,3,2018-07-26 17:05:00,2846,2974,128
1019,"Codeforces Round 503 (by SIS, Div. 1)",Benq,15,2018-08-11 15:35:00,2974,2962,-12
1023,"Codeforces Round 504 (rated, Div. 1 + Div. 2, based on VK Cup 2018 Final)",Benq,3,2018-08-17 16:50:00,2962,3056,94
1025,"Codeforces Round 505 (rated, Div. 1 + Div. 2, based on VK Cup 2018 Final)",Benq,4,2018-08-19 15:50:00,3056,3105,49
1028,"AIM Tech Round 5 (rated, Div. 1 + Div. 2)",Benq,6,2018-08-27 18:50:00,3105,3130,25
1033,Lyft Level 5 Challenge 2018 - Elimination Round,Benq,15,2018-10-07 19:05:00,3130,3098,-32
1043,Codeforces Round 519 by Botan Investments,Benq,5,2018-10-28 17:35:00,3098,3161,63
1074,Lyft Level 5 Challenge 2018 - Final Round (Open Div. 1),Benq,3,2018-11-04 20:40:00,3161,3187,26
1056,Mail.Ru Cup 2018 Round 3,Benq,12,2018-11-25 19:05:00,3187,3154,-33
1081,Avito Cool Challenge 2018,Benq,20,2018-12-16 17:05:00,3154,3096,-58
1086,"Codeforces Round 528 (Div. 1, based on Technocup 2019 Elimination Round 4)",Benq,70,2018-12-23 15:35:00,3096,2955,-141
1091,Good Bye 2018,Benq,18,2018-12-30 17:15:00,2955,2992,37
1098,Codeforces Round 530 (Div. 1),Benq,7,2019-01-05 19:05:00,2992,3065,73
1142,Codeforces Round 549 (Div. 1),Benq,3,2019-03-30 19:10:00,3065,3142,77
1146,Forethought Future Cup - Elimination Round,Benq,2,2019-04-20 20:35:00,3142,3262,120
1161,Codeforces Round 557 (Div. 1) [based on Forethought Future Cup - Final Round],Benq,1,2019-05-04 19:05:00,3262,3396,134
1158,Codeforces Round 559 (Div. 1),Benq,7,2019-05-12 16:35:00,3396,3339,-57
1179,Codeforces Round 569 (Div. 1),Benq,7,2019-06-21 19:05:00,3339,3294,-45
1188,Codeforces Round 572 (Div. 1),Benq,8,2019-07-05 17:05:00,3294,3258,-36
1190,Codeforces Round 573 (Div. 1),Benq,2,2019-07-12 16:35:00,3258,3315,57
1178,Codeforces Global Round 4,Benq,5,2019-07-20 18:05:00,3315,3311,-4
1198,Codeforces Round 576 (Div. 1),Benq,4,2019-07-30 16:35:00,3311,3320,9
1205,Codeforces Round 580 (Div. 1),Benq,4,2019-08-18 15:55:00,3320,3316,-4
1229,Codeforces Round 588 (Div. 1),Benq,8,2019-09-23 16:35:00,3316,3286,-30
1246,"Codeforces Round 596 (Div. 1, based on Technocup 2020 Elimination Round 2)",Benq,1,2019-10-26 13:05:00,3286,3429,143
1242,Codeforces Round 599 (Div. 1),Benq,1,2019-11-06 17:05:00,3429,3539,110
1254,Codeforces Round 601 (Div. 1),Benq,27,2019-11-19 16:35:00,3539,3368,-171
1270,Good Bye 2019,Benq,54,2019-12-29 17:05:00,3368,3230,-138
1284,Hello 2020,Benq,3,2020-01-04 14:35:00,3230,3308,78
1286,Codeforces Round 612 (Div. 1),Benq,8,2020-01-05 16:05:00,3308,3290,-18
1292,Codeforces Round 614 (Div. 1),Benq,3,2020-01-19 15:35:00,3290,3330,40
1290,Codeforces Round 616 (Div. 1),Benq,13,2020-02-02 16:35:00,3330,3274,-56
1299,Codeforces Round 618 (Div. 1),Benq,5,2020-02-09 16:05:00,3274,3299,25
1307,Codeforces Round 621 (Div. 1 + Div. 2),Benq,218,2020-02-17 17:50:00,3299,3081,-218
1320,"Codeforces Round 625 (Div. 1, based on Technocup 2020 Final Round)",Benq,6,2020-03-01 15:15:00,3081,3143,62
1305,"Ozon Tech Challenge 2020 (Div.1 + Div.2, Rated, T-shirts + prizes!)",Benq,6,2020-03-03 16:50:00,3143,3205,62
1326,Codeforces Global Round 7,Benq,10,2020-03-19 17:05:00,3205,3230,25
1338,Codeforces Round 633 (Div. 1),Benq,13,2020-04-12 16:05:00,3230,3213,-17
1336,Codeforces Round 635 (Div. 1),Benq,11,2020-04-15 17:05:00,3213,3220,7
1349,Codeforces Round 641 (Div. 1),Benq,6,2020-05-12 15:05:00,3220,3260,40
1361,"Codeforces Round 647 (Div. 1) - Thanks, Algo Muse!",Benq,6,2020-06-04 17:05:00,3260,3283,23
1368,Codeforces Global Round 8,Benq,25,2020-06-18 17:15:00,3283,3226,-57
1375,Codeforces Global Round 9,Benq,87,2020-07-04 17:15:00,3226,3117,-109
1381,Codeforces Round 658 (Div. 1),Benq,1,2020-07-21 16:35:00,3117,3284,167
1383,Codeforces Round 659 (Div. 1),Benq,2,2020-07-24 16:35:00,3284,3376,92
1394,Codeforces Round 664 (Div. 1),Benq,1,2020-08-12 16:35:00,3376,3508,132
1392,Codeforces Global Round 10,Benq,13,2020-08-16 17:35:00,3508,3428,-80
1396,Codeforces Round 666 (Div. 1),Benq,11,2020-08-30 16:35:00,3428,3386,-42
1404,Codeforces Round 668 (Div. 1),Benq,17,2020-09-06 16:35:00,3386,3317,-69
1416,Codeforces Round 673 (Div. 1),Benq,8,2020-09-27 17:05:00,3317,3301,-16
1408,Grakn Forces 2020,Benq,2,2020-09-30 17:20:00,3301,3406,105
1427,Codeforces Global Round 11,Benq,1,2020-10-10 17:50:00,3406,3549,143
1428,Codeforces Raif Round 1 (Div. 1 + Div. 2),Benq,11,2020-10-17 15:35:00,3549,3473,-76
1434,"Codeforces Round 679 (Div. 1, based on Technocup 2021 Elimination Round 1)",Benq,58,2020-10-25 13:05:00,3473,3299,-174
1444,"Codeforces Round 680 (Div. 1, based on Moscow Team Olympiad)",Benq,2,2020-11-01 13:05:00,3299,3373,74
1442,"Codeforces Round 681 (Div. 1, based on VK Cup 2019-2020 - Final)",Benq,1,2020-11-02 16:35:00,3373,3478,105
1446,"Codeforces Round 683 (Div. 1, by Meet IT)",Benq,3,2020-11-15 17:05:00,3478,3503,25
1450,Codeforces Global Round 12,Benq,1,2020-12-06 17:35:00,3503,3633,130
1464,"Codeforces Round 692 (Div. 1, based on Technocup 2021 Elimination Round 3)",Benq,8,2020-12-20 17:05:00,3633,3561,-72
1466,Good Bye 2020,Benq,3,2020-12-30 17:35:00,3561,3592,31
1477,Codeforces Round 698 (Div. 1),Benq,7,2021-01-28 16:50:00,3592,3550,-42
1479,Codeforces Round 700 (Div. 1),Benq,5,2021-02-07 16:50:00,3550,3540,-10
1483,"Codeforces Round 709 (Div. 1, based on Technocup 2021 Final Round)",Benq,3,2021-03-21 15:35:00,3540,3552,12
1503,Codeforces Round 712 (Div. 1),Benq,3,2021-04-03 16:50:00,3552,3583,31
1508,Codeforces Round 715 (Div. 1),Benq,6,2021-04-16 16:50:00,3583,3549,-34
1517,Contest 2050 and Codeforces Round 718 (Div. 1 + Div. 2),Benq,1,2021-04-23 17:20:00,3549,3675,126
1515,Codeforces Global Round 14,Benq,4,2021-05-02 17:35:00,3675,3650,-25
1528,Codeforces Round 722 (Div. 1),Benq,2,2021-05-24 16:50:00,3650,3691,41
1534,Codeforces LATOKEN Round 1 (Div. 1 + Div. 2),Benq,1,2021-06-13 18:35:00,3691,3797,106
1545,Codeforces Round 732 (Div. 1),Benq,8,2021-07-11 16:35:00,3797,3695,-102
1530,"Codeforces Round 733 (Div. 1 + Div. 2, based on VK Cup 2021 - Elimination (Engine))",Benq,5,2021-07-17 17:35:00,3695,3642,-53
1553,"Harbour.Space Scholarship Contest 2021-2022 (open for everyone, rated, Div. 1 + Div. 2)",Benq,1,2021-07-22 17:05:00,3642,3746,104
1552,Codeforces Global Round 15,Benq,3,2021-07-25 17:20:00,3746,3745,-1
1556,"Deltix Round, Summer 2021 (open for everyone, rated, Div. 1 + Div. 2)",Benq,3,2021-08-29 17:05:00,3745,3747,2
1566,Codeforces Global Round 16,Benq,8,2021-09-12 17:05:00,3747,3672,-75
1603,Codeforces Round 752 (Div. 1),Benq,8,2021-10-30 16:35:00,3672,3618,-54
1615,Codeforces Global Round 18,Benq,15,2021-12-24 17:05:00,3618,3532,-86
1616,Good Bye 2021: 2022 is NEAR,Benq,5,2021-12-29 17:35:00,3532,3548,16
1621,Hello 2022,Benq,4,2022-01-03 16:50:00,3548,3583,35
1628,Codeforces Round 767 (Div. 1),Benq,3,2022-01-22 16:35:00,3583,3623,40
1630,Codeforces Round 768 (Div. 1),Benq,16,2022-01-27 16:35:00,3623,3513,-110
1746,Codeforces Global Round 23,Benq,19,2022-10-15 16:50:00,3513,3441,-72
1750,"CodeTON Round 3 (Div. 1 + Div. 2, Rated, Prizes!)",Benq,1,2022-11-06 17:05:00,3441,3605,164
1761,Pinely Round 1 (Div. 1 + Div. 2),Benq,5,2022-11-20 17:05:00,3605,3584,-21
1770,Good Bye 2022: 2023 is NEAR,Benq,1,2022-12-30 17:05:00,3584,3715,131
1779,Hello 2023,Benq,1,2023-01-03 17:05:00,3715,3813,98
1787,"TypeDB Forces 2023 (Div. 1 + Div. 2, Rated, Prizes!)",Benq,4,2023-01-29 17:35:00,3813,3783,-30
1864,Harbour.Space Scholarship Contest 2023-2024 (Div. 1 + Div. 2),Benq,4,2023-08-26 17:35:00,3783,3727,-56
1874,Codeforces Round 901 (Div. 1),Benq,3,2023-09-30 17:35:00,3727,3724,-3
1889,Codeforces Round 906 (Div. 1),Benq,1,2023-10-28 17:05:00,3724,3833,109
1896,"CodeTON Round 7 (Div. 1 + Div. 2, Rated, Prizes!)",Benq,27,2023-11-25 17:20:00,3833,3644,-189
1909,Pinely Round 3 (Div. 1 + Div. 2),Benq,37,2023-12-23 17:35:00,3644,3487,-157
1916,Good Bye 2023,Benq,2,2023-12-30 16:50:00,3487,3569,82
1919,Hello 2024,Benq,12,2024-01-06 17:05:00,3569,3518,-51
1924,Codeforces Round 921 (Div. 1),Benq,3,2024-01-27 16:45:00,3518,3572,54
1930,think-cell Round 1,Benq,3,2024-02-17 17:35:00,3572,3601,29
1943,Codeforces Round 934 (Div. 1),Benq,4,2024-03-16 17:00:00,3601,3593,-8
1951,Codeforces Global Round 25,Benq,6,2024-04-06 17:35:00,3593,3581,-12
1984,Codeforces Global Round 26,Benq,3,2024-06-09 17:35:00,3581,3630,49
1987,EPIC Institute of Technology Round Summer 2024 (Div. 1 + Div. 2),Benq,4,2024-06-30 17:35:00,3630,3627,-3
1991,Pinely Round 4 (Div. 1 + Div. 2),Benq,8,2024-07-28 17:35:00,3627,3586,-41
2002,EPIC Institute of Technology Round August 2024 (Div. 1 + Div. 2),Benq,3,2024-08-11 17:35:00,3586,3620,34
2029,Refact.ai Match 1 (Codeforces Round 985),Benq,1,2024-11-09 17:35:00,3620,3738,118
2039,"CodeTON Round 9 (Div. 1 + Div. 2, Rated, Prizes!)",Benq,37,2024-11-23 17:35:00,3738,3564,-174
2034,"Rayan Programming Contest 2024 - Selection (Codeforces Round 989, Div. 1 + Div. 2)",Benq,12,2024-11-30 17:35:00,3564,3529,-35
2053,Good Bye 2024: 2025 is NEAR,Benq,3,2024-12-28 17:35:00,3529,3579,50
2057,Hello 2025,Benq,24,2025-01-04 17:05:00,3579,3482,-97
2061,"IAEPC Preliminary Contest (Codeforces Round 999, Div. 1 + Div. 2)",Benq,4,2025-01-20 17:35:00,3482,3535,53
2062,"Ethflow Round 1 (Codeforces Round 1001, Div. 1 + Div. 2)",Benq,20,2025-01-26 17:05:00,3535,3468,-67
2084,"Teza Round 1 (Codeforces Round 1015, Div. 1 + Div. 2)",Benq,4,2025-04-05 17:35:00,3468,3539,71
2096,"Neowise Labs Contest 1 (Codeforces Round 1018, Div. 1 + Div. 2)",Benq,7,2025-04-19 16:35:00,3539,3547,8
2101,Codeforces Round 1024 (Div. 1),Benq,7,2025-05-11 17:05:00,3547,3527,-20
